begin remote

  name   tv_ELE495
  flags RAW_CODES
  eps            25
  aeps          100

  ptrail          0
  repeat     0     0
  gap    20921


  begin raw_codes

    name KANAL_ILERI 
     4575     4447      621     1622      623     1621
      622     1621      621      499      623      499
      622      499      624      496      621      501
      622     1621      623     1622      621     1622
      623      500      654      467      624      498
      620      500      622      499      623      499
      621     1623      623      499      596      531
      616     1624      598      530      640      476
      621      497      621     1625      622      497
      619     1626      620     1621      620      499
      601     1646      623     1631      610     1628
      613 

    name KANAL_GERI 
     4554     4505      564     1676      569     1674
      569     1652      566      555      566      577
      570      553      569      552      570      552
      568     1677      542     1701      544     1701
      569      553      542      555      593      552
      569      551      568      553      568      553
      569      531      591      555      543      580
      566     1676      567      555      542      579
      543      578      570     1675      546     1698
      568     1675      568     1675      570      554
      570     1672      568     1676      569     1676
      566

    name SES_ARTTIR 
     4581     4450      592     1648      595     1649
      621     1649      594      504      621      501
      617      526      595      503      619      503
      592     1651      620     1626      617     1626
      617      527      595      526      620      501
      595      525      595      527      620     1600
      618     1626      592     1674      594      528
      569      530      592      551      570      529
      644      478      618      531      565      552
      595      526      595     1649      593     1629
      616     1626      620     1625      620     1645
      569

    name SES_AZALT 
     4597     4445      595     1654      588     1651
      621     1624      595      528      619      503
      593      528      621      501      569      557
      617     1623      568     1676      595     1648
      595      526      619      502      594      533
      614      504      593      531      564     1676
      597     1648      592      528      593     1656
      562      553      594      528      594      528
      567      554      594      527      623      503
      565     1681      589      544      549     1679
      590     1652      567     1676      621     1623
      621

    name RETURN 
     4577     4448      594     1650      622     1622
      622     1625      618      501      621      500
      622      499      620      501      596      525
      621     1622      620     1626      620     1622
      621      499      621      500      621      501
      622      499      595      527      621      500
      626      495      620      500      623     1622
      621     1623      622      500      621     1625
      619      500      596     1648      622     1621
      621     1625      620      499      621      506
      593     1652      615      499      622     1622
      623 

    name HOME 
     4552     4479      588     1652      619     1625
      593     1650      570      551      594      527
      619      503      567      553      569      553
      620     1626      591     1658      565     1671
      571      552      589      531      591      527
      571      557      589      528      593     1650
      593      529      594      527      620     1629
      614     1647      568     1651      567     1711
      584      503      567      555      592     1651
      595     1658      610      501      592      532
      573      549      567      552      594     1658
      583

    name SOURCE 
     4578     4472      648     1596      647     1601
      644     1596      597      525      648      474
      595      526      623      499      646      475
      596     1651      596     1647      595     1648
      647      475      595      526      596      526
      646      475      652      469      624     1623
      594      525      595      526      623      499
      596      526      595      525      597      525
      602      520      595      526      621     1623
      595     1648      622     1622      624     1629
      590     1654      586     1651      592     1660
      585

    name NETFLIX 
     4740     4290      596     1647      597     1647
      597     1647      597      524      621      501
      623      500      596      525      623      499
      620     1624      597     1650      594     1647
      597      525      622      500      622      499
      622      499      623      499      597     1650
      597     1646      621      500      597      525
      596     1648      596     1653      615     1623
      597     1648      621      500      597      526
      624     1622      621     1626      616      499
      622      500      596      525      646      475
      596

    name AMAZON_PRIME  
     4554     4475      543     1698      623     1621
      621     1626      620      498      596      526
      622      499      623      499      623      498
      622     1622      597     1657      612     1622
      597      524      621      500      622      499
      597      525      596      525      622      499
      623      498      596     1648      596      525
      597     1647      597     1646      623     1627
      591     1647      597     1648      596     1647
      598      524      622     1622      621      500
      625      496      598      524      624      496
      597 

    name MUTE 
     4583     4451      592     1649      593     1654
      591     1649      572      549      592      529
      621      499      621      501      568      553
      595     1648      592     1651      569     1675
      619      502      568      552      596      533
      588      527      594      526      594     1650
      570     1674      569     1674      572     1674
      592      527      620      501      568      559
      590      526      595      526      620      502
      595      526      595      527      569     1675
      593     1655      589     1654      562     1679
      619

    name EXIT 
     4531     4527      595     1626      591     1676
      542     1678      566      579      570      528
      619      503      592      554      569      554
      595     1627      565     1701      570     1675
      542      578      570      529      594      551
      595      502      594      553      569     1652
      617      529      570     1674      569     1676
      596      526      569     1675      570      552
      594      527      595      526      569     1654
      594      552      546      551      592     1677
      567      552      542     1713      581     1648
      569

    name TV_ON_OFF 
     4607     4443      621     1623      648     1599
      619     1623      621      500      597      525
      648      473      622      499      623      498
      597     1651      620     1619      623     1621
      597      525      621      500      623      499
      597      525      601      521      623      499
      649     1595      647     1597      621      501
      596      525      595     1653      591     1647
      621     1623      596     1649      595      525
      597      531      593     1649      594     1647
      620      498      596      531      589      526
      597



  end raw_codes
end remote